0,tcp,bgp,S1,0,9933,0,1.39,4.01,3.7,5444,0,0,0.93,4.26,0,0,0,0,0,0,0,4003,0,0.89,0.83,0.57,0.31,0.25,0.76,0.0,0,0,0.92,0.76,0.33,0.43,0.21,0.73,0.59,0.97,normal
1051,tcp,courier,OTH,0,840,0,8.77,4.83,8.35,1875,0,0,2.8,3.24,0,0,0,0,0,1,0,0,0,1.0,0.5,0.28,0.79,0.7,0.81,0.67,0,0,0.48,0.7,0.9,0.4,0.8,0.94,0.59,0.67,anomaly
4546,icmp,ecr_i,RSTR,0,0,0,1.39,4.83,8.33,9330,1,0,4.83,6.1,0,0,0,0,0,1,1,3801,3298,1.0,1.0,0.21,0.45,0.47,0.67,0.8,0,0,0.08,0.18,0.06,0.83,0.88,0.59,1.0,0.96,normal
1051,icmp,courier,OTH,0,0,0,2.61,4.01,3.7,5444,0,0,4.83,6.1,0,0,0,0,0,1,1,0,6933,0.82,0.5,0.19,0.8,0.32,0.39,0.01,0,6360,0.56,0.88,0.59,0.41,0.8,0.94,0.08,0.63,anomaly
0,tcp,http_443,RSTR,0,5789,0,1.39,4.83,4.26,0,0,0,2.05,2.52,0,0,0,0,0,0,0,0,0,0.89,0.83,0.28,0.45,0.01,0.24,0.14,5093,0,0.32,0.76,0.24,0.11,0.89,0.86,0.98,0.71,normal
0,icmp,netstat,S2,0,9252,0,1.39,4.83,4.26,0,0,0,2.05,2.52,0,1939,0,0,0,1,0,0,0,0.09,0.03,0.58,0.66,0.42,0.72,0.62,0,0,0.53,0.37,0.33,0.43,0.52,0.11,0.47,0.76,normal
4724,tcp,http_443,RSTR,0,5789,0,1.39,4.83,4.26,0,0,0,2.05,2.52,0,0,0,0,0,0,0,0,0,0.09,0.95,0.93,0.18,0.58,0.15,0.76,8591,7364,0.3,0.54,0.92,0.5,0.52,0.11,0.01,0.96,normal
0,icmp,csnet_ns,S2,8736,5789,0,1.46,0.19,4.39,9330,0,7396,5.55,8.82,0,0,4583,6259,0,1,0,938,0,0.86,0.03,0.58,0.66,0.42,0.72,0.62,0,0,0.53,0.37,0.33,0.43,0.59,0.73,0.56,0.16,anomaly
4546,icmp,shell,RSTR,0,824,0,1.46,0.19,5.56,5444,0,0,8.07,8.17,0,0,0,0,0,1,0,0,0,0.86,0.06,0.58,0.47,0.27,0.42,0.97,0,0,0.89,0.24,0.21,0.6,0.0,0.23,0.93,0.88,anomaly
4724,tcp,time,RSTO,8979,3683,0,9.35,4.01,6.28,0,0,0,3.25,6.1,0,0,0,0,5827,0,0,7956,3298,0.2,0.02,0.18,0.7,0.42,0.98,0.62,0,0,0.93,0.34,0.52,0.7,0.43,0.59,1.0,0.96,normal
0,udp,aol,S2,8736,0,1,6.7,6.5,1.88,0,0,0,7.96,7.71,4085,0,0,0,5491,0,0,0,0,0.13,0.65,0.24,0.98,0.02,0.56,0.17,0,1772,0.3,0.54,0.92,0.76,0.24,0.89,0.01,0.9,normal
0,udp,echo,REJ,0,0,1,7.34,6.46,6.28,0,1,0,8.03,0.81,4609,0,8929,0,0,1,0,0,0,1.0,1.0,0.21,0.47,0.27,0.42,0.05,0,0,0.91,0.36,0.64,0.89,0.2,0.11,0.47,0.76,anomaly
0,tcp,pm_dump,RSTOS0,0,0,1,0.48,1.54,6.28,0,0,7396,5.55,8.82,0,0,4583,6259,0,1,0,0,0,1.0,0.88,0.21,0.45,0.47,0.67,0.8,0,0,0.08,0.18,0.06,0.83,0.8,0.89,0.47,0.76,normal
1051,tcp,courier,OTH,0,840,0,1.96,4.01,2.89,0,1,0,2.75,8.89,0,2249,0,0,0,1,1,3801,3298,0.2,0.02,0.37,0.47,0.27,0.42,0.05,0,0,0.3,0.54,0.92,0.5,0.86,0.94,0.59,0.63,anomaly
0,tcp,http_2784,S1,0,0,0,3.91,7.09,8.33,0,0,2271,0.93,4.26,0,0,0,0,0,1,1,3801,3298,0.2,0.02,0.48,0.84,0.04,0.58,0.67,0,0,0.08,0.18,0.06,0.83,0.8,0.94,0.62,0.07,anomaly
1051,tcp,courier,OTH,0,840,0,8.77,4.01,3.7,5444,0,0,0.93,4.26,0,0,0,0,0,0,0,4003,0,0.89,0.83,0.28,0.79,0.7,0.81,0.67,0,0,0.48,0.7,0.9,0.4,0.8,0.94,0.59,0.67,anomaly
4724,tcp,pm_dump,RSTOS0,0,0,1,0.48,1.54,4.26,0,0,0,2.05,2.52,0,0,0,0,0,1,0,0,6933,0.82,0.78,0.47,0.85,0.96,0.1,0.08,0,7364,0.3,0.54,0.92,0.5,0.86,0.89,0.83,0.1,normal
0,tcp,klogin,RSTO,8979,1730,0,1.46,0.19,4.39,5444,0,0,8.07,8.17,0,0,0,0,0,1,1,3801,3298,0.2,0.02,0.18,0.47,0.27,0.42,0.05,0,0,0.89,0.24,0.21,0.6,0.0,0.93,0.56,0.25,anomaly
4724,tcp,pm_dump,RSTOS0,0,0,1,0.48,1.54,4.26,0,0,0,2.05,2.52,0,0,0,0,0,1,0,0,6933,0.82,0.78,0.47,0.85,0.96,0.1,0.08,0,7364,0.3,0.54,0.92,0.5,0.86,0.89,0.83,0.1,normal
0,icmp,csnet_ns,S2,8736,5789,0,1.46,0.19,4.39,9330,1,0,5.34,3.78,0,0,0,0,4264,0,1,938,0,0.86,0.95,0.93,0.18,0.58,0.15,0.76,8591,7364,0.3,0.54,0.92,0.5,0.59,0.73,0.56,0.16,anomaly
1051,tcp,courier,S2,0,840,0,8.77,4.01,3.7,5444,0,7396,5.55,8.82,0,0,4583,6259,0,1,0,5809,3298,0.2,0.02,0.18,0.45,0.47,0.73,0.8,0,0,0.08,0.18,0.06,0.83,0.8,0.94,0.08,0.63,anomaly
0,icmp,courier,OTH,0,840,0,8.77,4.01,3.7,0,0,0,8.07,4.11,0,0,0,0,0,1,1,3801,0,0.52,0.88,0.21,0.45,0.47,0.83,0.42,0,6360,0.56,0.93,0.35,0.41,0.09,0.86,0.98,0.71,normal
0,icmp,daytime,REJ,0,840,0,1.96,4.01,6.28,0,0,7396,5.55,8.82,0,0,0,6259,0,1,0,0,0,0.09,0.03,0.58,0.66,0.42,0.72,0.62,0,0,0.53,0.37,0.29,0.66,0.88,0.59,0.01,0.63,normal
0,icmp,daytime,REJ,0,840,0,1.96,4.01,6.28,0,0,7396,5.55,8.82,0,0,0,6259,0,1,0,0,0,0.09,0.03,0.58,0.66,0.42,0.72,0.62,0,0,0.53,0.37,0.29,0.66,0.88,0.59,0.01,0.63,normal
4546,icmp,ecr_i,RSTR,0,0,0,1.39,4.83,8.33,9330,1,0,0.2,2.3,0,0,0,0,0,1,1,0,6933,0.09,0.03,0.58,0.8,0.32,0.39,0.01,0,6360,0.56,0.88,0.59,0.41,0.88,0.59,1.0,0.96,normal
0,icmp,daytime,REJ,0,840,0,1.96,4.01,6.28,0,0,7396,5.55,8.82,0,0,0,6259,0,1,0,0,0,0.82,0.5,0.19,0.66,0.42,0.72,0.62,0,0,0.53,0.37,0.29,0.66,0.88,0.59,0.01,0.63,normal
0,icmp,whois,REJ,0,0,1,3.31,6.5,1.88,0,1,0,3.7,8.17,0,0,0,0,0,0,0,0,6933,0.82,0.78,0.47,0.85,0.96,0.1,0.08,0,7364,0.3,0.54,0.33,0.6,0.52,0.73,0.59,0.63,normal
1051,tcp,netstat,S2,0,0,0,1.46,0.19,4.39,0,0,0,3.71,5.29,0,0,0,0,0,1,1,3801,3298,0.2,0.02,0.18,0.47,0.27,0.42,0.05,0,0,0.89,0.24,0.21,0.43,0.0,0.0,0.34,0.67,anomaly
0,tcp,http_2784,RSTOS0,0,0,1,0.48,1.54,4.26,0,0,0,2.05,2.52,0,0,0,0,5827,0,0,0,6933,0.82,0.02,0.48,0.84,0.04,0.58,0.67,0,0,0.08,0.18,0.06,0.83,0.8,0.94,0.62,0.07,anomaly
4724,tcp,pm_dump,S1,0,0,0,3.91,7.09,8.33,0,0,2271,0.93,4.26,0,0,0,0,0,1,1,3801,3298,0.2,0.78,0.47,0.85,0.96,0.1,0.08,0,7364,0.3,0.54,0.92,0.5,0.86,0.89,0.83,0.1,normal
1051,tcp,http_443,RSTR,0,1730,0,1.39,4.83,4.26,0,0,0,2.05,2.52,0,0,0,0,0,0,0,0,0,0.09,0.03,0.58,0.66,0.42,0.72,0.62,0,0,0.35,0.3,0.59,0.17,0.65,0.93,0.93,0.81,anomaly
0,tcp,courier,OTH,0,840,0,8.77,4.01,3.7,5444,0,0,0.2,2.3,0,0,3993,0,0,0,1,3801,3298,0.82,0.78,0.98,0.31,0.62,0.1,0.08,0,0,0.37,0.88,0.27,0.15,0.2,0.11,0.47,0.76,normal
0,icmp,netstat,S2,0,1730,0,1.46,0.19,4.39,0,0,0,3.71,5.29,0,0,0,0,0,1,1,3801,3298,1.0,0.02,0.18,0.47,0.27,0.42,0.05,0,1772,0.91,0.36,0.64,0.6,0.0,0.86,0.98,0.71,normal
1051,tcp,courier,OTH,0,840,0,8.77,4.01,3.7,5444,0,0,0.2,2.3,0,0,0,0,0,1,1,3801,3298,0.2,1.0,0.21,0.45,0.47,0.67,0.8,0,0,0.08,0.18,0.06,0.83,0.8,0.94,0.08,0.63,anomaly
0,icmp,netstat,S2,0,9252,0,1.39,4.83,4.26,0,0,0,2.05,2.52,0,0,0,0,0,1,0,0,0,0.89,0.83,0.28,0.45,0.01,0.24,0.14,5093,0,0.32,0.76,0.24,0.5,0.59,0.73,0.56,0.71,normal
0,icmp,netstat,S2,0,9252,1,3.91,7.09,9.57,9330,1,0,5.34,2.52,0,0,0,0,0,1,0,0,0,0.89,0.83,0.28,0.45,0.01,0.24,0.14,5093,0,0.32,0.76,0.24,0.11,0.89,0.86,0.98,0.71,normal
0,udp,whois,S0,0,3683,0,7.07,5.75,7.19,0,1,0,7.96,7.71,4085,0,0,0,0,0,0,4003,0,0.89,0.83,0.28,0.79,0.7,0.15,0.76,8591,0,0.35,0.3,0.59,0.41,0.09,0.59,0.01,0.0,anomaly
0,icmp,ftp,S0,0,1730,0,1.46,0.19,6.28,0,1,0,2.89,3.78,0,0,0,0,5827,0,0,0,0,0.65,0.85,0.18,0.45,0.32,0.83,0.42,8591,0,0.48,0.88,0.18,0.17,0.65,0.93,0.93,0.81,anomaly
0,icmp,printer,RSTR,0,0,1,6.7,6.5,1.88,0,0,0,5.38,2.57,0,0,0,0,6840,0,0,0,0,0.89,0.29,0.59,0.34,0.09,0.95,0.55,0,0,0.48,0.7,0.92,0.76,0.24,0.89,0.01,0.9,normal
0,udp,aol,S2,8736,0,1,6.7,6.5,1.88,0,0,0,3.7,8.17,0,0,8705,0,0,0,0,0,0,0.86,0.95,0.58,0.66,0.97,0.98,0.62,0,0,0.3,0.54,0.1,0.71,1.0,0.99,0.16,0.98,normal
0,icmp,ftp,REJ,8736,0,1,6.7,6.5,1.88,0,0,0,3.7,8.17,0,0,8705,0,0,0,0,0,0,0.86,0.95,0.58,0.66,0.97,0.1,0.08,0,0,0.37,0.93,0.64,0.89,0.2,0.11,0.47,0.76,normal
0,udp,aol,S2,0,0,1,3.91,7.09,8.33,0,0,0,2.89,6.1,0,0,0,0,5827,0,0,0,6933,0.82,0.78,0.47,0.85,0.96,0.98,0.62,0,0,0.3,0.54,0.92,0.76,0.24,0.89,0.01,0.9,normal
0,icmp,printer,REJ,0,0,1,6.7,6.5,1.88,0,0,0,5.38,5.29,7925,0,0,0,0,0,0,0,0,0.89,0.6,0.59,0.34,0.09,0.95,0.98,0,0,0.35,0.7,0.1,0.71,0.04,0.68,0.16,0.98,normal
0,tcp,http_443,RSTR,0,1730,0,1.39,0.56,4.26,0,0,0,2.05,2.52,0,0,0,0,0,0,0,0,0,0.09,0.03,0.58,0.66,0.42,0.9,0.55,0,2563,0.48,0.19,0.27,0.15,0.2,0.11,0.47,0.76,normal
1051,tcp,netstat,S2,0,1730,0,1.46,0.19,4.39,0,0,0,0.2,2.3,0,0,0,0,0,1,1,3801,3298,0.2,0.02,0.18,0.47,0.27,0.42,0.05,0,0,0.89,0.24,0.21,0.6,0.0,0.0,0.34,0.67,anomaly
1051,tcp,courier,OTH,0,840,0,8.77,4.01,3.7,5444,0,0,3.71,5.29,0,0,0,0,0,1,1,3801,3298,1.0,1.0,0.21,0.45,0.47,0.67,0.8,0,0,0.08,0.18,0.06,0.83,0.8,0.94,0.08,0.63,anomaly
0,icmp,csnet_ns,S2,8736,5789,0,1.46,0.19,4.39,9330,0,7396,5.55,8.82,0,0,4583,6259,0,1,0,938,0,0.86,0.95,0.93,0.18,0.58,0.15,0.76,8591,7364,0.3,0.54,0.92,0.5,0.59,0.73,0.56,0.16,anomaly
4546,icmp,ecr_i,RSTR,0,0,0,1.39,4.83,8.33,9330,1,0,4.83,6.1,0,0,0,0,0,1,1,0,6933,0.82,0.5,0.19,0.8,0.32,0.39,0.01,0,6360,0.56,0.88,0.59,0.41,0.88,0.59,1.0,0.96,normal
0,icmp,daytime,REJ,0,840,0,1.39,4.83,4.26,0,0,0,2.05,2.52,0,0,0,0,0,0,0,0,0,0.09,0.03,0.58,0.66,0.42,0.72,0.62,0,0,0.53,0.37,0.33,0.43,0.52,0.11,0.47,0.76,normal
0,tcp,http_443,RSTR,0,5789,0,6.7,9.93,2.87,0,1,0,2.05,2.52,0,0,0,0,0,0,0,0,0,0.09,0.03,0.58,0.66,0.42,0.72,0.62,0,0,0.53,0.37,0.29,0.66,0.88,0.84,0.01,0.63,normal
4724,tcp,pm_dump,RSTOS0,0,3871,1,3.91,1.54,4.26,0,0,0,2.05,2.52,0,0,0,0,0,1,1,3801,3298,0.82,0.78,0.47,0.85,0.04,0.58,0.67,0,0,0.08,0.18,0.06,0.5,0.86,0.89,0.83,0.1,normal
0,icmp,nnsp,OTH,8988,0,1,0.48,7.09,9.57,9330,1,0,5.34,3.78,4085,1939,0,0,5827,0,0,0,0,0.2,0.5,0.57,0.85,0.22,0.67,0.05,0,5482,0.92,0.4,0.06,0.89,0.2,0.11,0.47,0.81,normal
0,udp,sql_net,REJ,0,0,0,7.34,6.46,6.28,0,1,0,6.08,0.81,4609,0,8929,0,5491,0,0,3801,3298,0.2,0.65,0.24,0.98,0.02,0.56,0.17,0,0,0.89,0.24,0.21,0.92,0.23,0.94,0.01,0.0,anomaly
0,tcp,http_2784,S1,0,0,0,3.91,7.09,8.33,0,0,2271,0.93,4.26,0,0,0,0,0,1,1,0,0,0.13,0.02,0.48,0.84,0.04,0.58,0.67,0,0,0.08,0.18,0.06,0.83,0.8,0.94,0.62,0.07,anomaly
0,icmp,http_443,RSTR,0,9252,1,3.91,7.09,9.57,9330,1,0,5.34,2.52,4085,0,0,0,5827,0,0,0,0,0.2,0.5,0.57,0.85,0.44,0.22,0.81,0,0,0.37,0.93,0.06,0.89,0.2,0.11,0.47,0.76,normal
0,icmp,netstat,S2,0,5789,1,6.7,9.93,2.87,0,1,0,7.96,7.71,0,0,0,0,0,1,0,0,0,0.89,0.83,0.28,0.45,0.01,0.24,0.14,5093,0,0.32,0.76,0.24,0.11,0.89,0.86,0.98,0.71,normal
0,tcp,pm_dump,RSTOS0,0,0,1,0.48,1.54,1.88,0,0,2271,0.93,4.26,0,0,0,0,5827,0,0,0,0,0.09,0.03,0.58,0.66,0.42,0.72,0.62,0,0,0.53,0.37,0.33,0.43,0.52,0.11,0.47,0.76,normal
4724,tcp,http_443,SH,0,5789,0,1.39,8.89,4.26,0,0,0,2.05,2.52,0,0,0,0,0,0,0,0,6933,0.82,0.78,0.47,0.85,0.96,0.1,0.08,0,7364,0.3,0.54,0.92,0.5,0.86,0.62,0.83,0.1,normal
7081,udp,daytime,REJ,0,840,0,1.96,4.01,6.28,0,1,0,5.34,3.78,0,0,0,0,0,0,1,0,0,0.3,0.88,0.21,0.45,0.47,0.83,0.42,0,6360,0.56,0.93,0.35,0.41,0.09,0.0,0.34,0.67,normal
1051,tcp,courier,OTH,0,840,0,8.77,4.01,3.7,5444,0,0,0.2,2.3,0,2693,0,0,0,1,0,7956,0,0.13,0.65,0.98,0.31,0.62,0.1,0.08,0,0,0.37,0.88,0.59,0.82,0.8,0.94,0.59,0.39,anomaly
0,icmp,http_443,RSTR,0,5789,1,6.7,9.93,2.87,0,1,0,7.96,7.71,4085,0,0,0,5827,0,0,0,0,1.0,0.03,0.93,0.18,0.58,0.15,0.76,8591,0,0.37,0.93,0.06,0.89,0.2,0.11,0.47,0.76,normal
1051,tcp,pm_dump,RSTOS0,0,0,1,3.91,7.09,8.33,0,0,0,0.2,2.3,0,0,3993,0,0,0,0,0,0,0.2,0.5,0.57,0.85,0.44,0.22,0.81,0,0,0.48,0.7,0.9,0.4,0.46,0.59,0.59,0.63,anomaly
7081,icmp,ftp,RSTOS0,0,0,1,0.48,1.54,2.89,0,0,2271,0.93,4.26,0,0,0,0,5827,0,0,0,0,0.65,0.85,0.18,0.45,0.32,0.83,0.42,0,6360,0.56,0.88,0.18,0.82,0.8,0.94,0.59,0.39,normal
7081,icmp,ftp,RSTOS0,0,0,1,0.48,1.54,2.89,0,0,2271,0.93,4.26,0,0,0,0,5827,0,0,0,0,0.65,0.85,0.18,0.45,0.32,0.83,0.42,0,6360,0.56,0.88,0.18,0.82,0.8,0.94,0.59,0.39,normal
0,icmp,csnet_ns,S2,8736,5789,0,1.46,0.19,4.39,9330,0,7396,5.55,8.82,0,0,0,0,0,1,0,938,0,0.86,0.95,0.93,0.18,0.58,0.15,0.76,8591,7364,0.3,0.54,0.92,0.5,0.59,0.73,0.56,0.16,anomaly
0,icmp,netstat,S2,0,9252,1,3.91,7.09,9.57,9330,1,0,5.34,2.52,0,0,4583,6259,0,1,0,0,0,0.89,0.83,0.28,0.45,0.01,0.24,0.14,5093,0,0.32,0.76,0.24,0.11,0.89,0.86,0.98,0.71,normal
7081,udp,daytime,REJ,0,840,0,1.96,4.01,6.28,0,1,0,5.34,3.78,0,0,0,0,0,0,0,7956,0,0.13,0.65,0.98,0.31,0.62,0.1,0.08,0,0,0.92,0.24,0.92,0.5,0.65,0.5,0.99,0.67,anomaly
1051,tcp,courier,OTH,0,840,0,3.13,4.01,9.58,0,1,0,0.2,2.3,0,0,0,0,0,1,1,0,0,0.52,0.03,0.06,0.31,0.62,0.16,0.08,6192,0,0.37,0.88,0.59,0.82,0.8,0.94,0.59,0.39,normal
0,tcp,telnet,RSTOS0,0,0,1,0.48,1.54,4.26,0,0,0,2.05,2.52,0,0,0,0,0,1,1,3801,3298,0.82,0.78,0.47,0.85,0.04,0.58,0.67,0,0,0.08,0.18,0.06,0.5,0.86,0.0,0.34,0.39,anomaly
4724,tcp,pm_dump,RSTR,0,0,1,1.39,4.83,8.33,9330,1,0,3.7,8.17,0,0,0,0,0,1,1,3801,3298,0.3,0.02,0.96,0.08,0.27,0.93,0.71,0,0,0.56,0.24,0.59,0.41,0.09,0.89,0.83,0.1,normal
0,icmp,whois,REJ,0,0,1,3.31,6.5,1.88,0,1,0,3.7,8.17,0,0,0,0,0,0,0,0,6933,0.82,0.78,0.47,0.85,0.96,0.1,0.08,0,7364,0.3,0.54,0.33,0.43,0.52,0.73,0.59,0.63,normal
0,icmp,daytime,REJ,0,840,0,6.7,9.93,2.87,0,1,0,2.05,2.52,0,0,0,0,0,0,0,0,0,0.09,0.03,0.58,0.66,0.42,0.72,0.62,0,0,0.53,0.37,0.29,0.66,0.88,0.84,0.01,0.63,normal
1051,tcp,courier,OTH,0,840,0,8.77,4.01,3.7,5444,0,0,0.2,2.3,0,2693,0,0,0,1,1,0,0,0.3,0.88,0.21,0.45,0.47,0.83,0.42,0,6360,0.56,0.93,0.35,0.41,0.09,0.0,0.34,0.67,anomaly
7081,udp,daytime,REJ,0,840,0,1.96,4.01,6.28,0,1,0,5.34,3.78,0,0,0,0,0,0,0,7956,0,0.13,0.65,0.98,0.31,0.62,0.1,0.08,0,0,0.37,0.88,0.59,0.82,0.8,0.94,0.59,0.39,normal
0,tcp,klogin,RSTO,8979,9252,0,1.39,4.83,4.26,5444,0,0,0.2,2.3,0,0,3993,0,0,0,0,0,0,0.89,0.83,0.28,0.45,0.01,0.24,0.14,5093,0,0.32,0.76,0.24,0.11,0.89,0.93,0.56,0.25,anomaly
0,icmp,shell,RSTR,0,840,0,8.77,4.01,3.7,0,0,7396,5.55,8.82,0,0,4583,6259,0,1,0,5809,0,1.0,0.88,0.29,0.22,0.77,0.52,0.79,0,6360,0.56,0.88,0.18,0.82,0.8,0.94,0.59,0.39,normal
1051,tcp,courier,OTH,0,840,0,8.77,4.01,3.7,5444,0,0,0.2,2.3,0,0,3993,0,0,0,0,0,0,1.0,0.88,0.21,0.45,0.47,0.83,0.42,0,6360,0.56,0.93,0.35,0.41,0.43,0.59,0.34,0.67,anomaly
4724,tcp,pm_dump,RSTOS0,0,0,1,3.91,7.09,8.33,0,1,0,5.65,3.78,0,0,0,0,5827,0,1,0,0,0.3,0.29,0.82,0.34,0.09,0.95,0.14,5093,0,0.32,0.76,0.24,0.11,0.09,0.0,1.0,0.96,normal
1051,tcp,time,RSTO,8979,824,0,1.46,0.19,5.56,5444,0,0,8.07,8.17,0,0,0,0,0,1,0,0,0,0.86,0.78,0.47,0.85,0.96,0.1,0.08,0,7364,0.3,0.54,0.92,0.83,0.8,0.94,0.59,0.63,anomaly
4724,icmp,courier,OTH,0,0,0,0.01,7.7,1.82,0,0,0,5.71,5.29,0,0,0,0,5827,0,0,0,6933,0.82,0.06,0.58,0.7,0.42,0.98,0.62,0,0,0.93,0.34,0.9,0.7,0.43,0.18,1.0,0.96,normal
0,icmp,http_443,RSTR,0,3683,0,7.07,5.75,7.19,0,1,0,3.7,8.17,0,0,8705,0,0,1,0,0,0,0.86,0.95,0.58,0.7,0.89,0.98,0.47,0,0,0.37,0.93,0.35,0.17,0.86,0.89,0.01,0.9,normal
1051,tcp,courier,OTH,0,840,0,8.77,4.01,3.7,5444,0,0,4.83,6.1,0,0,0,0,0,1,1,3801,3298,1.0,1.0,0.21,0.45,0.47,0.67,0.8,0,0,0.08,0.18,0.06,0.83,0.8,0.94,0.08,0.63,anomaly
1051,icmp,http_443,RSTR,0,5789,1,3.31,9.93,2.87,0,0,0,0.2,2.3,0,0,3993,0,0,0,0,0,0,1.0,0.03,0.93,0.18,0.58,0.15,0.76,8591,0,0.48,0.7,0.9,0.4,0.46,0.59,0.59,0.63,anomaly
0,tcp,courier,OTH,0,840,0,8.77,4.01,3.7,0,1,0,9.92,5.82,0,0,0,0,0,1,1,0,0,0.25,0.29,0.59,0.34,0.09,0.95,0.55,0,2563,0.48,0.7,0.35,0.17,0.86,0.89,0.01,0.9,normal
0,tcp,telnet,RSTR,0,0,1,1.39,4.83,8.33,9330,1,0,3.7,8.17,0,0,0,0,0,1,1,0,0,0.09,0.03,0.58,0.08,0.27,0.93,0.71,0,0,0.56,0.24,0.59,0.41,0.09,0.0,0.34,0.39,anomaly
0,icmp,daytime,REJ,0,840,0,1.96,4.01,6.28,0,0,7396,5.55,8.82,0,0,0,6259,0,1,0,3801,3298,0.3,0.02,0.96,0.66,0.42,0.72,0.62,0,0,0.53,0.37,0.29,0.66,0.88,0.59,0.01,0.63,normal
0,icmp,netstat,RSTOS0,0,0,1,0.48,1.54,2.89,0,0,2271,0.93,4.26,0,0,0,0,5827,0,0,0,0,0.65,0.85,0.9,0.45,0.32,0.24,0.14,5093,0,0.32,0.76,0.24,0.11,0.89,0.86,0.98,0.71,normal
7081,icmp,ftp,S2,0,9252,0,1.39,4.83,4.26,0,0,0,2.05,2.52,0,1939,0,0,0,1,0,0,0,0.89,0.83,0.28,0.45,0.01,0.83,0.42,0,6360,0.56,0.88,0.18,0.82,0.8,0.94,0.59,0.39,normal
0,icmp,whois,REJ,0,0,1,3.91,6.5,1.88,0,1,0,3.7,8.17,0,0,0,0,0,1,0,0,0,0.36,0.22,0.98,0.31,0.62,0.1,0.08,0,0,0.53,0.37,0.33,0.43,0.52,0.73,0.59,0.63,normal
4724,tcp,time,RSTO,8979,824,0,1.46,0.19,5.56,5444,0,0,8.07,8.17,0,0,0,0,0,1,0,0,0,0.86,0.06,0.58,0.7,0.42,0.98,0.62,0,0,0.93,0.34,0.52,0.88,0.43,0.59,0.59,0.96,normal
0,icmp,http_443,RSTR,0,5789,1,3.31,9.93,2.87,0,1,0,9.92,5.82,0,0,0,0,0,1,1,3801,3298,0.2,0.02,0.18,0.45,0.47,0.73,0.8,0,0,0.08,0.18,0.06,0.83,0.8,0.94,0.01,0.9,normal
1051,tcp,courier,S2,0,840,0,8.77,4.01,3.7,0,0,0,8.07,4.11,0,0,0,0,0,1,1,0,0,0.25,0.29,0.59,0.34,0.09,0.95,0.55,0,2563,0.48,0.7,0.35,0.17,0.86,0.89,0.08,0.63,anomaly
0,icmp,shell,RSTR,0,840,0,8.77,4.83,8.33,9330,1,0,4.83,6.1,0,0,0,0,4264,0,1,5809,0,1.0,0.88,0.29,0.22,0.77,0.52,0.79,0,6360,0.56,0.88,0.18,0.82,0.8,0.94,0.59,0.09,normal
4546,icmp,ecr_i,RSTR,0,0,0,1.39,4.01,3.7,0,1,0,5.34,3.78,0,0,0,0,0,1,1,0,6933,0.82,0.5,0.19,0.8,0.32,0.39,0.01,0,6360,0.56,0.88,0.59,0.41,0.88,0.59,1.0,0.96,normal
1051,tcp,courier,OTH,0,0,0,1.96,6.98,6.28,0,0,0,2.05,2.52,0,1939,0,0,0,1,0,0,0,0.89,0.48,0.21,0.45,0.47,0.67,0.8,0,0,0.08,0.18,0.06,0.83,0.74,0.94,0.59,0.63,anomaly
0,icmp,netstat,S2,0,9252,0,1.39,4.83,4.26,0,0,7396,5.55,8.82,0,0,4583,6259,0,1,0,0,0,1.0,0.88,0.28,0.45,0.01,0.24,0.14,5093,0,0.32,0.76,0.24,0.11,0.89,0.86,0.98,0.71,normal
0,tcp,http_443,RSTR,0,5789,0,1.39,4.83,4.26,0,0,0,2.05,2.52,0,0,0,0,0,0,0,0,0,0.09,0.03,0.58,0.66,0.42,0.72,0.62,0,0,0.53,0.37,0.59,0.17,0.65,0.93,0.93,0.76,normal
1051,tcp,courier,OTH,0,840,0,8.77,4.01,3.7,5444,0,0,0.2,2.3,0,0,3993,0,0,0,1,3801,3298,0.82,0.78,0.98,0.31,0.62,0.1,0.08,0,0,0.37,0.88,0.33,0.43,0.52,0.11,0.47,0.81,anomaly
0,icmp,netstat,S2,0,1730,0,1.46,0.19,4.39,0,0,0,3.71,5.29,0,0,0,0,5827,0,0,0,6933,0.82,0.78,0.47,0.85,0.96,0.1,0.08,0,7364,0.3,0.36,0.64,0.6,0.0,0.86,0.98,0.71,normal
4724,tcp,pm_dump,RSTOS0,0,0,1,0.48,1.54,4.26,0,0,0,2.05,2.52,0,0,0,0,0,1,1,3801,3298,0.2,0.02,0.18,0.47,0.27,0.42,0.05,0,1772,0.91,0.54,0.92,0.5,0.86,0.89,0.83,0.1,normal
